0.30632658342541796 0.30632658342541796 0.30632658342541796
0.30557392575739384 0.30588393076947662 0.30557392575739384
0.30553725226701223 0.30586248238458430 0.30553725226701223
0.30549873064556893 0.30583984137772735 0.30549873064556893
0.30545831213868296 0.30581605343363127 0.30545831213868296
0.30541592639137832 0.30579111819349580 0.30541592639137832
0.30537147817275245 0.30576498159894933 0.30537147817275245
0.30532486182624718 0.30573757252355221 0.30532486182624718
0.30527596970505672 0.30570882428379809 0.30527596970505672
0.30522469107695999 0.30567867236078927 0.30522469107695999
0.30517090972181532 0.30564704887584543 0.30517090972181532
0.30511450347890812 0.30561388196441264 0.30511450347890812
0.30505534422981279 0.30557909626314711 0.30505534422981279
0.30499329762118382 0.30554261277284173 0.30499329762118382
0.30492822274228193 0.30550434863516290 0.30492822274228193
0.30485997180646035 0.30546421694787018 0.30485997180646035
0.30478838981611611 0.30542212656843548 0.30478838981611611
0.30471331421036774 0.30537798190686660 0.30471331421036774
0.30463457449792675 0.30533168270923505 0.30463457449792675
0.30455199186742421 0.30528312382944478 0.30455199186742421
0.30446537878326424 0.30523219499103749 0.30446537878326424
0.30437453855949592 0.30517878053677172 0.30437453855949592
0.30427926491319063 0.30512275916608955 0.30427926491319063
0.30417934149599646 0.30506400365975589 0.30417934149599646
0.30407454140258017 0.30500238059072771 0.30407454140258017
0.30396462665546459 0.30493775002231238 0.30396462665546459
0.30384934766343985 0.30486996518865239 0.30384934766343985
0.30372844265431176 0.30479887216241769 0.30372844265431176
0.30360163707916366 0.30472430950474505 0.30360163707916366
0.30346864298706694 0.30464610789817453 0.30346864298706694
0.30332915836877083 0.30456408976155785 0.30332915836877083
0.30318286646676246 0.30447806884566753 0.30318286646676246
0.30302943505482693 0.30438784980978845 0.30302943505482693
0.30286851567291229 0.30429322777517848 0.30286851567291229
0.30269974283158363 0.30419398785828705 0.30269974283158363
0.30252273317142742 0.30408990467950081 0.30252273317142742
0.30233708457998015 0.30398074184727786 0.30233708457998015
0.30214237526260262 0.30386625141608009 0.30214237526260262
0.30193816276424290 0.30374617331654552 0.30193816276424290
0.30172398293879488 0.30362023475570671 0.30172398293879488
0.30149934886340068 0.30348814958847709 0.30149934886340068
0.30126374969070929 0.30334961765074964 0.30126374969070929
0.30101664943859147 0.30320432406208364 0.30101664943859147
0.30075748570841282 0.30305193848764078 0.30075748570841282
0.30048566832927892 0.30289211436028157 0.30048566832927892
0.30020057791940857 0.30272448805858226 0.30020057791940857
0.29990156435558496 0.30254867803706870 0.29990156435558496
0.29958794514358827 0.30236428390498427 0.29958794514358827
0.29925900368473607 0.30217088545048737 0.29925900368473607
0.29891398741231856 0.30196804160149437 0.29891398741231856
0.29855210579710695 0.30175528932026341 0.29855210579710695
0.29817252820292278 0.30153214242409987 0.29817252820292278
0.29777438156439395 0.30129809032371335 0.29777438156439395
0.29735674787411609 0.30105259666777551 0.29735674787411609
0.29691866144571810 0.30079509788397329 0.29691866144571810
0.29645910592346530 0.30052500160830964 0.29645910592346530
0.29597701099773177 0.30024168497574449 0.29597701099773177
0.29547124878124842 0.29994449276302282 0.29547124878124842
0.29494062979456082 0.29963273536215318 0.29494062979456082
0.29438389849134983 0.29930568654970163 0.29438389849134983
0.29379972825261241 0.29896258103282658 0.29379972825261241
0.29318671575601218 0.29860261172718128 0.29318671575601218
0.29254337461665381 0.29822492672909473 0.29254337461665381
0.29186812817364882 0.29782862592883308 0.29186812817364882
0.29115930127898892 0.29741275720803173 0.29115930127898892
0.29041511092091521 0.29697631215112741 0.29041511092091521
0.28963365549134040 0.29651822119133808 0.28963365549134040
0.28881290248311109 0.29603734809943816 0.28881290248311109
0.28795067438069116 0.29553248371112278 0.28795067438069116
0.28704463249284140 0.29500233877690307 0.28704463249284140
0.28609225847063052 0.29444553580801369 0.28609225847063052
0.28509083326928630 0.29386059978525769 0.28509083326928630
0.28403741336092775 0.29324594759875572 0.28403741336092775
0.28292880410170895 0.29259987609825189 0.28292880410170895
0.28176153033417944 0.29192054866672190 0.28176153033417944
0.28053180459104438 0.29120598028944045 0.28053180459104438
0.27923549371630529 0.29045402119595842 0.27923549371630529
0.27786808538943486 0.28966233931660862 0.27786808538943486
0.27642465700641644 0.28882840204514049 0.27642465700641644
0.27489985071891770 0.28794945815926354 0.27489985071891770
0.27328786023528062 0.28702252125100625 0.27328786023528062
0.27158243727688947 0.28604435667907313 0.27158243727688947
0.26977692828962679 0.28501147487688250 0.26977692828962679
0.26786435484625370 0.28392013478564160 0.26786435484625370
0.26583755345470145 0.28276636209207789 0.26583755345470145
0.26368939086726539 0.28154598753840054 0.26368939086726539
0.26141306712439666 0.28025471029772248 0.26141306712439666
0.25900250680307557 0.27888818939724380 0.25900250680307557
0.25645281424814492 0.27744216119410459 0.25645281424814492
0.25376072534454031 0.27591257153935833 0.25376072534454031
0.25092492318647491 0.27429569651681296 0.25092492318647491
0.24794600273727610 0.27258820642467418 0.24794600273727610
0.24482579487135309 0.27078710948934148 0.24482579487135309
0.24156575311233133 0.26888950852118543 0.24156575311233133
0.23816427430231008 0.26689214033228403 0.23816427430231008
0.23461330468297273 0.26479077592430317 0.23461330468297273
0.23089544537250872 0.26257975355200258 0.23089544537250872
0.22698378072437331 0.26025213546519033 0.22698378072437331
0.22284691526160488 0.25780099990387517 0.22284691526160488
0.21845954420971761 0.25522179403021999 0.21845954420971761
0.21381290622175123 0.25251416039831620 0.21381290622175123
0.20891199470895910 0.24967984273224184 0.20891199470895910
0.20374799235788962 0.24671389136649621 0.20374799235788962
0.19826039237900245 0.24359332220598495 0.19826039237900245
0.19234694917675937 0.24027888635358202 0.19234694917675937
0.18597295028114383 0.23674429498306959 0.18597295028114383
0.17928888229100137 0.23301091376130284 0.17928888229100137
0.17250745163332995 0.22912365227238984 0.17250745163332995
0.16553652244025827 0.22506083176037617 0.16553652244025827
0.15800624103303557 0.22072982526477897 0.15800624103303557
0.15005369697915316 0.21614173702819447 0.15005369697915316
0.14228249955510169 0.21139570167605207 0.14228249955510169
0.13418708511814401 0.20633114721655083 0.13418708511814401
0.12571261398282615 0.20099357591153030 0.12571261398282615
0.11753100583834664 0.19568208218623748 0.11753100583834664
0.10883846386723239 0.19020774895477896 0.10883846386723239
0.10034223413750740 0.18455030681987478 0.10034223413750740
9.2129761293759535E-002 0.17869054883736929 9.2129761293759535E-002
8.3891643580579711E-002 0.17290895862570457 8.3891643580579711E-002
7.6131155139431306E-002 0.16726516706107381 7.6131155139431306E-002
6.8755325117971944E-002 0.16143254849819505 6.8755325117971944E-002
6.1678964973901539E-002 0.15589262225789169 6.1678964973901539E-002
5.4935815514603047E-002 0.15016685690445850 5.4935815514603047E-002
4.8537109484242121E-002 0.14465016637927197 4.8537109484242121E-002
4.2815302492615684E-002 0.13946581679944187 4.2815302492615684E-002
3.7441553683790735E-002 0.13440548003788882 3.7441553683790735E-002
3.2385462030317162E-002 0.12965868929067756 3.2385462030317162E-002
2.7774369229782186E-002 0.12524272613183454 2.7774369229782186E-002
2.3797068905658105E-002 0.12121601500408971 2.3797068905658105E-002
2.0005816601608960E-002 0.11736560757358661 2.0005816601608960E-002
1.6615120884872946E-002 0.11389720327326633 1.6615120884872946E-002
1.3645138018407162E-002 0.11077018507216965 1.3645138018407162E-002
1.0924973576622709E-002 0.10794940853863103 1.0924973576622709E-002
8.4624751173531416E-003 0.10530997690931192 8.4624751173531416E-003
6.3930937279591520E-003 0.10299435340951937 6.3930937279591520E-003
4.6379614894195651E-003 0.10102725554735656 4.6379614894195651E-003
3.1784539289320913E-003 9.9198824715521744E-002 3.1784539289320913E-003
2.0472507709542427E-003 9.7634164294705034E-002 2.0472507709542427E-003
1.1512165773823213E-003 9.6273800055440895E-002 1.1512165773823213E-003
4.6812909572993192E-004 9.5095777770757187E-002 4.6812909572993192E-004
-1.9230133301844857E-005 9.4061142654003810E-002 -1.9230133301844857E-005
-3.9341436492711286E-004 9.3191118038310566E-002 -3.9341436492711286E-004
-6.0464580643324820E-004 9.2517167841995956E-002 -6.0464580643324820E-004
-7.2592433820223832E-004 9.1990527663488961E-002 -7.2592433820223832E-004
-7.7133745539982384E-004 9.1612625585121399E-002 -7.7133745539982384E-004
-7.4116220978286736E-004 9.1387788254993191E-002 -7.4116220978286736E-004
-6.8373066727238829E-004 9.1251985681907302E-002 -6.8373066727238829E-004
-5.7982239590183325E-004 9.1205832415233654E-002 -5.7982239590183325E-004
-4.7821698655633050E-004 9.1210243924735812E-002 -4.7821698655633050E-004
-3.7104889921129854E-004 9.1259931468226488E-002 -3.7104889921129854E-004
-2.5879488991536857E-004 9.1341386899663674E-002 -2.5879488991536857E-004
-1.4246801174434134E-004 9.1436638266597273E-002 -1.4246801174434134E-004
-4.8586562968951078E-005 9.1533755827114330E-002 -4.8586562968951078E-005
3.7345550860184686E-005 9.1622496200527065E-002 3.7345550860184686E-005
1.1731511058641387E-004 9.1714735564897107E-002 1.1731511058641387E-004
1.8184325330195439E-004 9.1799593485869385E-002 1.8184325330195439E-004
2.3371502719593179E-004 9.1866005953668547E-002 2.3371502719593179E-004
2.7256419840614610E-004 9.1928930745271378E-002 2.7256419840614610E-004
3.0036056769078571E-004 9.1984219112537541E-002 3.0036056769078571E-004
3.1235588063342122E-004 9.2025161356681956E-002 3.1235588063342122E-004
3.1228058363748395E-004 9.2060914094624510E-002 3.1228058363748395E-004
3.0549557545473955E-004 9.2087126733023342E-002 3.0549557545473955E-004
2.8602409259429211E-004 9.2103502215393970E-002 2.8602409259429211E-004
2.6451731912514040E-004 9.2114592434658416E-002 2.6451731912514040E-004
2.3294703977935635E-004 9.2116791255974370E-002 2.3294703977935635E-004
2.0262159440409755E-004 9.2115577886717315E-002 2.0262159440409755E-004
1.6841718422266633E-004 9.2104765775212663E-002 1.6841718422266633E-004
1.4101462865156368E-004 9.2092061902119493E-002 1.4101462865156368E-004
1.1943274118352959E-004 9.2074875072745171E-002 1.1943274118352959E-004
1.0365680943554782E-004 9.2056173467560773E-002 1.0365680943554782E-004
