 # Data in column:
 # 1: omega (MHz)
 # 2: R1 (1/s)
 # 3: R2 (1/s)
 # 4: R1_KWW (1/s)
 # 5: R2_KWW (1/s)
 # 6: DeltaR1 (1/s)
 # 7: DeltaR2 (1/s)
 # 
   0.00000000      0.31751257121165205       0.31751257121165205       0.31595977661617486       0.31595977661617486        1.5527945954772087E-003   1.5527945954772087E-003
   1.1000000000000001       0.31751257113037129       0.31751257118057369       0.31595977653488849       0.31642561496373744        1.5527945954827650E-003   1.0869562168361704E-003
   1.2100000000000000       0.31751257111330145       0.31751257117404730       0.31595977651781748       0.31642561495721078        1.5527945954839297E-003   1.0869562168366158E-003
   1.3310000000000002       0.31751257109264641       0.31751257116614801       0.31595977649716106       0.31642561494931082        1.5527945954853389E-003   1.0869562168371557E-003
   1.4641000000000006       0.31751257106765662       0.31751257115659415       0.31595977647216961       0.31642561493975641        1.5527945954870506E-003   1.0869562168378086E-003
   1.6105100000000008       0.31751257103741548       0.31751257114503117       0.31595977644192630       0.31642561492819266        1.5527945954891182E-003   1.0869562168385990E-003
   1.7715610000000011       0.31751257100082853       0.31751257113104281       0.31595977640533690       0.31642561491420323        1.5527945954916151E-003   1.0869562168395552E-003
   1.9487171000000016       0.31751257095655616       0.31751257111411502       0.31595977636106148       0.31642561489727433        1.5527945954946398E-003   1.0869562168407114E-003
   2.1435888100000016       0.31751257090298274       0.31751257109363035       0.31595977630748451       0.31642561487678822        1.5527945954983012E-003   1.0869562168421114E-003
   2.3579476910000019       0.31751257083816514       0.31751257106884762       0.31595977624266242       0.31642561485200382        1.5527945955027299E-003   1.0869562168438051E-003
   2.5937424601000023       0.31751257075973016       0.31751257103885810       0.31595977616422205       0.31642561482201220        1.5527945955080887E-003   1.0869562168458532E-003
   2.8531167061100025       0.31751257066482996       0.31751257100257252       0.31595977606931541       0.31642561478572417        1.5527945955145733E-003   1.0869562168483329E-003
   3.1384283767210031       0.31751257054999454       0.31751257095866514       0.31595977595447211       0.31642561474181385        1.5527945955224210E-003   1.0869562168513336E-003
   3.4522712143931042       0.31751257041104808       0.31751257090553836       0.31595977581551621       0.31642561468868335        1.5527945955319138E-003   1.0869562168549620E-003
   3.7974983358324144       0.31751257024291973       0.31751257084125484       0.31595977564737632       0.31642561462439545        1.5527945955434038E-003   1.0869562168593567E-003
   4.1772481694156562       0.31751257003948796       0.31751257076347061       0.31595977544393067       0.31642561454660595        1.5527945955573028E-003   1.0869562168646701E-003
   4.5949729863572220       0.31751256979332865       0.31751257066935290       0.31595977519775453       0.31642561445248185        1.5527945955741262E-003   1.0869562168711025E-003
   5.0544702849929433       0.31751256949548384       0.31751257055547016       0.31595977489988936       0.31642561433859129        1.5527945955944749E-003   1.0869562168788842E-003
   5.5599173134922379       0.31751256913508891       0.31751257041767195       0.31595977453946977       0.31642561420078369        1.5527945956190998E-003   1.0869562168882995E-003
   6.1159090448414632       0.31751256869900979       0.31751257025093749       0.31595977410336090       0.31642561403403785        1.5527945956489001E-003   1.0869562168996931E-003
   6.7274999493256100       0.31751256817135520       0.31751257004918554       0.31595977357567018       0.31642561383227208        1.5527945956849527E-003   1.0869562169134777E-003
   7.4002499442581708       0.31751256753289336       0.31751256980506593       0.31595977293716471       0.31642561358813570        1.5527945957285775E-003   1.0869562169301590E-003
   8.1402749386839890       0.31751256676035172       0.31751256950968437       0.31595977216457033       0.31642561329273400        1.5527945957813671E-003   1.0869562169503427E-003
   8.9543024325523870       0.31751256582558052       0.31751256915227111       0.31595977122973529       0.31642561293529636        1.5527945958452396E-003   1.0869562169747639E-003
   9.8497326758076280       0.31751256469450639       0.31751256871980271       0.31595977009858400       0.31642561250279844        1.5527945959225257E-003   1.0869562170043145E-003
   10.834705943388389       0.31751256332590505       0.31751256819651230       0.31595976872988907       0.31642561197947222        1.5527945960160442E-003   1.0869562170400715E-003
   11.918176537727231       0.31751256166989617       0.31751256756333368       0.31595976707376699       0.31642561134625041        1.5527945961291982E-003   1.0869562170833366E-003
   13.109994191499954       0.31751255966612968       0.31751256679718737       0.31595976506986356       0.31642561058005170        1.5527945962661160E-003   1.0869562171356875E-003
   14.420993610649951       0.31751255724157079       0.31751256587015064       0.31595976264513903       0.31642560965295152        1.5527945964317867E-003   1.0869562171990318E-003
   15.863092971714948       0.31751255430785463       0.31751256474843603       0.31595975971122242       0.31642560853116042        1.5527945966322459E-003   1.0869562172756790E-003
   17.449402268886445       0.31751255075805679       0.31751256339115908       0.31595975616118199       0.31642560717379065        1.5527945968748045E-003   1.0869562173684217E-003
   19.194342495775089       0.31751254646280519       0.31751256174885822       0.31595975186563691       0.31642560553137755        1.5527945971682978E-003   1.0869562174806388E-003
   21.113776745352595       0.31751254126554224       0.31751255976166920       0.31595974666801879       0.31642560354405280        1.5527945975234278E-003   1.0869562176164243E-003
   23.225154419887858       0.31751253497686088       0.31751255735717110       0.31595974037890773       0.31642560113939039        1.5527945979531351E-003   1.0869562177807236E-003
   25.547669861876649       0.31751252736755314       0.31751255444772897       0.31595973276908007       0.31642559822974942        1.5527945984730759E-003   1.0869562179795247E-003
   28.102436848064315       0.31751251816029941       0.31751255092730790       0.31595972356119717       0.31642559470908788        1.5527945991022096E-003   1.0869562182200762E-003
   30.912680532870748       0.31751250701951772       0.31751254666759948       0.31595971241965426       0.31642559044908836        1.5527945998634596E-003   1.0869562185111424E-003
   34.003948586157826       0.31751249353917216       0.31751254151334929       0.31595969893838760       0.31642558529448594        1.5527946007845704E-003   1.0869562188633322E-003
   37.404343444773609       0.31751247722795950       0.31751253527670709       0.31595968262606033       0.31642557905741764        1.5527946018991188E-003   1.0869562192894820E-003
   41.144777789250973       0.31751245749138846       0.31751252773036892       0.31595966288814076       0.31642557151056383        1.5527946032477201E-003   1.0869562198051244E-003
   45.259255568176073       0.31751243361014725       0.31751251859930407       0.31595963900526769       0.31642556237887504        1.5527946048795246E-003   1.0869562204290490E-003
   49.785181124993684       0.31751240471385583       0.31751250755072052       0.31595961010700180       0.31642555132953654        1.5527946068540116E-003   1.0869562211840004E-003
   54.763699237493050       0.31751236974934832       0.31751249418193134       0.31595957514010514       0.31642553795983386        1.5527946092431396E-003   1.0869562220974906E-003
   60.240069161242367       0.31751232744230651       0.31751247800570198       0.31595953283017253       0.31642552178249911        1.5527946121339853E-003   1.0869562232028143E-003
   66.264076077366596       0.31751227625081363       0.31751245843247106       0.31595948163518173       0.31642550220793081        1.5527946156319078E-003   1.0869562245402549E-003
   72.890483685103263       0.31751221430913390       0.31751243474887059       0.31595941968926955       0.31642547852271197        1.5527946198643926E-003   1.0869562261585576E-003
   80.179532053613613       0.31751213935974337       0.31751240609172604       0.31595934473475762       0.31642544986360926        1.5527946249857022E-003   1.0869562281167048E-003
   88.197485258974979       0.31751204867104471       0.31751237141659649       0.31595925403986225       0.31642541518611039        1.5527946311824866E-003   1.0869562304860643E-003
   97.017233784872474       0.31751193893781327       0.31751232945972147       0.31595914429913269       0.31642537322636854        1.5527946386805929E-003   1.0869562333529882E-003
   106.71895716335973       0.31751180616074304       0.31751227869194160       0.31595901151298977       0.31642532245511967        1.5527946477533047E-003   1.0869562368219657E-003
   117.39085287969573       0.31751164550069472       0.31751221726298406       0.31595885084196340       0.31642526102196467        1.5527946587312849E-003   1.0869562410194286E-003
   129.12993816766530       0.31751145110232970       0.31751214293403074       0.31595865643031501       0.31642518668793240        1.5527946720146374E-003   1.0869562460983572E-003
   142.04293198443185       0.31751121588073300       0.31751205299611762       0.31595842119264550       0.31642509674387376        1.5527946880874955E-003   1.0869562522438643E-003
   156.24722518287504       0.31751093126324342       0.31751194417142747       0.31595813655570776       0.31642498791174756        1.5527947075356526E-003   1.0869562596799236E-003
   171.87194770116253       0.31751058687700884       0.31751181249381333       0.31595779214594094       0.31642485622513578        1.5527947310679220E-003   1.0869562686775581E-003
   189.05914247127879       0.31751017017103111       0.31751165316428981       0.31595737541148911       0.31642469688472519        1.5527947595419650E-003   1.0869562795646911E-003
   207.96505671840669       0.31750966595878194       0.31751146037613304       0.31595687116478632       0.31642450408339495        1.5527947939955543E-003   1.0869562927381244E-003
   228.76156239024741       0.31750905586487665       0.31751122710329016       0.31595626102919228       0.31642427079461222        1.5527948356843955E-003   1.0869563086779777E-003
   251.63771862927217       0.31750831765552728       0.31751094484436937       0.31595552276939942       0.31642398851640419        1.5527948861278847E-003   1.0869563279651980E-003
   276.80149049219938       0.31750742442846669       0.31751060331285669       0.31595462948130215       0.31642364696155395        1.5527949471645023E-003   1.0869563513027322E-003
   304.48163954141938       0.31750634363287378       0.31751019006232789       0.31595354861185504       0.31642323368278680        1.5527950210187935E-003   1.0869563795411438E-003
   334.92980349556137       0.31750503588360635       0.31750969003300122       0.31595224077322376       0.31642273361929163        1.5527951103824699E-003   1.0869564137096200E-003
   368.42278384511746       0.31750345352660969       0.31750908500310049       0.31595065830809721       0.31642212854804713        1.5527952185124907E-003   1.0869564550534667E-003
   405.26506222962922       0.31750153890337723       0.31750835292510132       0.31594874355402747       0.31642139642002176        1.5527953493497748E-003   1.0869565050795084E-003
   445.79156845259217       0.31749922225130989       0.31750746712268552       0.31594642674364704       0.31642051055707454        1.5527955076628315E-003   1.0869565656110040E-003
   490.37072529785144       0.31749641916388543       0.31750639531928959       0.31594362346466387       0.31641943868043548        1.5527956992215477E-003   1.0869566388540899E-003
   539.40779782763673       0.31749302751823405       0.31750509846282987       0.31594023158722662       0.31641814173535165        1.5527959310074708E-003   1.0869567274781880E-003
   593.34857761040041       0.31748892375897225       0.31750352930408177       0.31593612754750394       0.31641657246936850        1.5527962114682604E-003   1.0869568347132970E-003
   652.68343537144040       0.31748395840345395       0.31750163067698184       0.31593116185262843       0.31641467371251419        1.5527965508255514E-003   1.0869569644677041E-003
   717.95177890858463       0.31747795060613299       0.31749933341870190       0.31592515364468549       0.31641237629723151        1.5527969614474858E-003   1.0869571214704250E-003
   789.74695679944318       0.31747068158544051       0.31749655385403369       0.31591788412714106       0.31640959654259021        1.5527974582994636E-003   1.0869573114435584E-003
   868.72165247938756       0.31746188667658976       0.31749319075332882       0.31590908861710021       0.31640623321201800        1.5527980594895285E-003   1.0869575413108130E-003
   955.59381772732627       0.31745124572427014       0.31748912165405779       0.31589844693734181       0.31640216383460801        1.5527987869282977E-003   1.0869578194498473E-003
   1051.1531995000591       0.31743837147099091       0.31748419841369124       0.31588557180386345       0.31639724025769367        1.5527996671274374E-003   1.0869581559975754E-003
   1156.2685194500652       0.31742279552605485       0.31747824183410778       0.31586999479388905       0.31639128327088817        1.5528007321658020E-003   1.0869585632195867E-003
   1271.8953713950716       0.31740395141607325       0.31747103516510722       0.31585114939521486       0.31638407610915015        1.5528020208584281E-003   1.0869590559571415E-003
   1399.0849085345790       0.31738115411699669       0.31746231625530885       0.31582835053682579       0.31637535660314087        1.5528035801709425E-003   1.0869596521679986E-003
   1538.9933993880372       0.31735357534782344       0.31745176807183928       0.31580076988089251       0.31636480769825848        1.5528054669309453E-003   1.0869603735808209E-003
   1692.8927393268411       0.31732021376352360       0.31743900725404739       0.31576740601362496       0.31635204600756051        1.5528077498986287E-003   1.0869612464869398E-003
   1862.1820132595251       0.31727985901644218       0.31742357029998364       0.31572704850417016       0.31633660799728525        1.5528105122720758E-003   1.0869623026983797E-003
   2048.4002145854779       0.31723104845760991       0.31740489690533630       0.31567823460289157       0.31631793332462937        1.5528138547183999E-003   1.0869635807069500E-003
   2253.2402360440260       0.31717201501829484       0.31738230988129529       0.31561919711925379       0.31629534475420867        1.5528178990410479E-003   1.0869651270866744E-003
   2478.5642596484290       0.31710062454521876       0.31735499096883624       0.31554780175260211       0.31626802397064568        1.5528227926166836E-003   1.0869669981905538E-003
   2726.4206856132723       0.31701430055727842       0.31732195173970823       0.31546147184351542       0.31623498247750476        1.5528287137630257E-003   1.0869692622034258E-003
   2999.0627541745998       0.31690993404817952       0.31728199862828738       0.31535709816994684       0.31619502662666177        1.5528358782327092E-003   1.0869720016255919E-003
   3298.9690295920600       0.31678377558047638       0.31723369097207144       0.31523093103340727       0.31614671565579389        1.5528445470691544E-003   1.0869753162774964E-003
   3628.8659325512658       0.31663130651310067       0.31717529075300865       0.31507845147699098       0.31608831142607391        1.5528550361096250E-003   1.0869793269346799E-003
   3991.7525258063934       0.31644708578956510       0.31710470252861767       0.31489421806208490       0.31601771834889264        1.5528677274801847E-003   1.0869841797250166E-003
   4390.9277783870330       0.31622456832675871       0.31701940182880295       0.31467168524325950       0.31593241177735509        1.5528830834991851E-003   1.0869900514478082E-003
   4830.0205562257361       0.31595589072475333       0.31691635007983310       0.31440298906126085       0.31582935292382541        1.5529016634924970E-003   1.0869971560076286E-003
   5313.0226118483115       0.31563161985338622       0.31679189392222540       0.31407869570925795       0.31570488817002945        1.5529241441282675E-003   1.0870057521959525E-003
   5844.3248730331425       0.31524045997288241       0.31664164664129146       0.31368750862887756       0.31555463048818944        1.5529513440049054E-003   1.0870161531020633E-003
   6428.7573603364581       0.31476891458685891       0.31646034937364892       0.31321593033348133       0.31537332063615581        1.5529842533775415E-003   1.0870287374931354E-003
   7071.6330963701048       0.31420090044588533       0.31624170985408362       0.31264787637579489       0.31515466589050989        1.5530240700904392E-003   1.0870439635737258E-003
   7778.7964060071163       0.31351731334738364       0.31597821681514526       0.31196424110438203       0.31489115442952575        1.5530722430016197E-003   1.0870623856194779E-003
   8556.6760466078285       0.31269554904648189       0.31566092887245689       0.31114241852203361       0.31457384419837520        1.5531305244482758E-003   1.0870846740816172E-003
   9412.3436512686112       0.31170898824732712       0.31527923798104351       0.31015578721371206       0.31419212634116284        1.5532010336150816E-003   1.0871116398806925E-003
   10353.578016395473       0.31052646292813052       0.31482060953431584       0.30897317659508861       0.31373346527056167        1.5532863330419452E-003   1.0871442637541977E-003
   11388.935818035023       0.30911173285521631       0.31427030412795715       0.30755834333426391       0.31318312039625995        1.5533895209524566E-003   1.0871837316971857E-003
   12527.829399838523       0.30742301666008875       0.31361109016267757       0.30586950231747706       0.31252385868493454        1.5535143426116764E-003   1.0872314777430302E-003
   13780.612339822377       0.30541264158450904       0.31282296200879856       0.30385897625996627       0.31173567277322028        1.5536653245427205E-003   1.0872892355782745E-003
   15158.673573804615       0.30302689952466971       0.31188288546633647       0.30147305158851079       0.31079552636555907        1.5538479361589005E-003   1.0873591007773890E-003
   16674.540931185082       0.30020622266461372       0.31076460053447608       0.29865215388040123       0.30967715692868997        1.5540687842125205E-003   1.0874436057861348E-003
   18341.995024303593       0.29688581616103560       0.30943852043355602       0.29533148031460443       0.30835097462337357        1.5543358464311979E-003   1.0875458101824722E-003
   20176.194526733954       0.29299690176424426       0.30787177417424960       0.29144224301243382       0.30678410476504309        1.5546587518103648E-003   1.0876694092065127E-003
   22193.813979407350       0.28846872564418724       0.30602844579319949       0.28691367652793842       0.30494062692912005        1.5550491162488057E-003   1.0878188640794611E-003
   24413.195377348089       0.28323145424172569       0.30387006406404898       0.28167593329819829       0.30278206450582418        1.5555209435274538E-003   1.0879995582248557E-003
   26854.514915082898       0.27722001145633179       0.30135638919315355       0.27566392035334408       0.30026817120899646        1.5560911029876602E-003   1.0882179841570311E-003
   29539.966406591189       0.27037879050709390       0.29844652548119904       0.26882201061052674       0.29735804351470602        1.5567798965671449E-003   1.0884819664930211E-003
   32493.963047250309       0.26266700603767046       0.29510036083501501       0.26110939430873431       0.29401155990777467        1.5576117289361354E-003   1.0888009272403767E-003
   35743.359351975349       0.25406425497075003       0.29128029820871482       0.25250563907567136       0.29019111200856257        1.5586158950786860E-003   1.0891862001523095E-003
   39317.695287172879       0.24457566735018985       0.28695320714821582       0.24301583985082070       0.28586355574679478        1.5598274993691380E-003   1.0896514014210204E-003
   43249.464815890176       0.23423590705017000       0.28209249478284160       0.23267461853180382       0.28100228191870408        1.5612885183662094E-003   1.0902128641374605E-003
   47574.411297479201       0.22311128574127440       0.27668018318010096       0.22154823672604401       0.27558929303657143        1.5630490152304011E-003   1.0908901435295747E-003
   52331.852427227117       0.21129942054701459       0.27070888656381442       0.20973425204156318       0.26961717996519241        1.5651685054513947E-003   1.0917065986220209E-003
   57565.037669949845       0.19892619108771176       0.26418360054481577       0.19735847362832243       0.26309091049174099        1.5677174593893340E-003   1.0926900530747151E-003
   63321.541436944834       0.18614017464071239       0.25712323025945444       0.18456939573667980       0.25602935672671889        1.5707789040325839E-003   1.0938735327355169E-003
   69653.695580639309       0.17310515527208020       0.24956177709609037       0.17153070522189867       0.24846648102738231        1.5744500501815033E-003   1.0952960687080023E-003
   76619.065138703256       0.15999160172062643       0.24154906594020470       0.15841275790441905       0.24045206239936734        1.5788438162073735E-003   1.0970035408373623E-003
   84280.971652573586       0.14696811170719806       0.23315083770371650       0.14538402166940104       0.23205178818853187        1.5840900377970038E-003   1.0990495151846301E-003
   92709.068817830950       0.13419371409131103       0.22444798741318936       0.13260337805687139       0.22334649141593649        1.5903360344396583E-003   1.1014959972529396E-003
   101979.97569961405       0.12181165830725568       0.21553473771888548       0.12021391227225216       0.21443032374235682        1.5977460350035306E-003   1.1044139765286518E-003
   112177.97326957546       0.10994499596500609       0.20651563102661091       0.10833849723346548       0.20540774745410392        1.6064987315406235E-003   1.1078835725069863E-003
   123395.77059653302        9.8693965285977389E-002  0.19750139879967210        9.7077183369124118E-002  0.19638940529727705        1.6167819168532663E-003   1.1119935023950578E-003
   135735.34765618632        8.8134984804872862E-002  0.18860398439118606        8.6506202049587116E-002  0.18748714492018898        1.6287827552857448E-003   1.1168394709970913E-003
   149308.88242180497        7.8320962772044908E-002  0.17993119131263258        7.6678291034412135E-002  0.17880867038168877        1.6426717376327635E-003   1.1225209309437948E-003
   164239.77066398552        6.9282611122716137E-002  0.17158153842140006        6.7624033314723525E-002  0.17045240294195360        1.6585778079926034E-003   1.1291354794464620E-003
   180663.74773038409        6.1030480691857680E-002  0.16363989094055947        5.9353929084954793E-002  0.16250312097866831        1.6765516069028991E-003   1.1367699618911732E-003
   198730.12250342252        5.3557474949409559E-002  0.15617430624556347        5.1860961512446624E-002  0.15502881906294544        1.6965134369629365E-003   1.1454871826180328E-003
   218603.13475376478        4.6841635127227020E-002  0.14923432657232302        4.5123452346740374E-002  0.14807901951208230        1.7181827804866544E-003   1.1553070602407490E-003
   240463.44822914127        4.0849017269620765E-002  0.14285072498448642        3.9108029667704734E-002  0.14168454372954523        1.7409876019160244E-003   1.1661812549412140E-003
   264509.79305205541        3.5536507272915054E-002  0.13703651927876845        3.3772552042088649E-002  0.13585855830262089        1.7639552308264025E-003   1.1779609761475714E-003
   290960.77235726098        3.0854450983100364E-002  0.13178894448773956        2.9068857244574496E-002  0.13059858529019827        1.7855937385258646E-003   1.1903591975412869E-003
   320056.84959298710        2.6749017801926282E-002  0.12709202758017307        2.4945232729820247E-002  0.12588911628668026        1.8037850721060351E-003   1.2029112934927642E-003
   352062.53455228586        2.3164268671820368E-002  0.12291942752157506        2.1348538494219891E-002  0.12170448497111359        1.8157301776004782E-003   1.2149425504614573E-003
   387268.78800751443        2.0043958980152599E-002  0.11923726869859705        1.8225947465056482E-002  0.11801171161613308        1.8180115150961160E-003   1.2255570824639516E-003
   425995.66680826596        1.7333164553676485E-002  0.11600678155572393        1.5526300059668957E-002  0.11477311230513021        1.8068644940075294E-003   1.2336692505937213E-003
   468595.23348909261        1.4979856281945873E-002  0.11318664867140052        1.3201094913088329E-002  0.11194854638141460        1.7787613688575426E-003   1.2381022899859188E-003
   515454.75683800189        1.2936533618726948E-002  0.11073501782950372        1.1205155413506697E-002  0.10949724556046780        1.7313782052202481E-003   1.2377722690359160E-003
   567000.23252180207        1.1161910741955028E-002  0.10861116865777931        9.4970215985680697E-003  0.10737922131722943        1.6648891433869585E-003   1.2319473405498556E-003
   623700.25577398238        9.6223816063582303E-003  0.10677679338048203        8.0391202438401324E-003  0.10555628271814785        1.5832613625180972E-003   1.2205106623341640E-003
   686070.28135138063        8.2925754553835017E-003  0.10519677875677728        6.7977642612209732E-003  0.10399271694049943        1.4948111941625298E-003   1.2040618162778541E-003
   754677.30948651873        7.1539283883847145E-003  0.10383930252317060        5.7430275514942257E-003  0.10265569280982278        1.4109008368904886E-003   1.1836097133478259E-003
   830145.04043517052        6.1903360911743739E-003  0.10267510912392330        4.8485347445483438E-003  0.10151544748679742        1.3418013466260296E-003   1.1596616371258889E-003
   913159.54447868769        5.3814132377703631E-003  0.10167620128710500        4.0911979876867306E-003  0.10054531118137895        1.2902152500836321E-003   1.1308901057260291E-003
   1004475.4989265566        4.6970878676493221E-003  0.10081496901777683        3.4509259112864878E-003   9.9721616965977894E-002   1.2461619563628348E-003   1.0933520517989281E-003
   1104923.0488192122        4.1004829505942161E-003  0.10006552215107559        2.9103235911876724E-003   9.9023534148801745E-002   1.1901593594065430E-003   1.0419880022738102E-003
   1215415.3537011335        3.5636542741456076E-003   9.9408260371231322E-002   2.4543969667959733E-003   9.8432855353642393E-002   1.1092573073496340E-003   9.7540501758895985E-004
   1336956.8890712473        3.0865673357816812E-003   9.8834944931445706E-002   2.0702708167243998E-003   9.7933760038749304E-002   1.0162965190572816E-003   9.0118489269639464E-004
   1470652.5779783721        2.6918177631670257E-003   9.8346820314366895E-002   1.7469259851473824E-003   9.7512570934789253E-002   9.4489177801964307E-004   8.3424937957765253E-004
   1617717.8357762091        2.3820451108412977E-003   9.7941898904509495E-002   1.4749589791569779E-003   9.7157514829804309E-002   9.0708613168431957E-004   7.8438407470517136E-004
   1779489.6193538303        2.1144153042614612E-003   9.7604949512949624E-002   1.2463651845706035E-003   9.6858495190891764E-002   8.6805011969085747E-004   7.4645432205786987E-004
   1957438.5812892134        1.8620266859971633E-003   9.7319158373278619E-002   1.0543456382881118E-003   9.6606881140343007E-002   8.0768104770905110E-004   7.1227723293561013E-004
   2153182.4394181347        1.6605861471902933E-003   9.7077591275441813E-002   8.9313642453693804E-004   9.6395315131180465E-002   7.6744972265335547E-004   6.8227614426132923E-004
   2368500.6833599485        1.4970654521253971E-003   9.6862146925958292E-002   7.5785922272270274E-004   9.6217540131410637E-002   7.3920622940269417E-004   6.4460679454767206E-004
   2605350.7516959440        1.3194053840341565E-003   9.6657264303501897E-002   6.4439123767550473E-004   9.6068246083416353E-002   6.7501414635865191E-004   5.8901822008554860E-004
   2865885.8268655385        1.1883213272483710E-003   9.6490349819290194E-002   5.4925261853209671E-004   9.5942934732803714E-002   6.3906870871627427E-004   5.4741508648650078E-004
   3152474.4095520927        1.0665924090595140E-003   9.6360158150686798E-002   4.6950946599549155E-004   9.5837801520741839E-002   5.9708294306402235E-004   5.2235662994497658E-004
   3467721.8505073017        9.5848857364760746E-004   9.6250292485018721E-002   4.0269059838357401E-004   9.5749633027549783E-002   5.5579797526403340E-004   5.0065945746893207E-004
   3814494.0355580328        8.4911077020344077E-004   9.6136231737779965E-002   3.4671636468259945E-004   9.5675718383295708E-002   5.0239440552084127E-004   4.6051335448425354E-004
   4195943.4391138367        7.5702140375587062E-004   9.6039644813865149E-002   2.9983793626159696E-004   9.5613773078761372E-002   4.5718346749427366E-004   4.2587173510378413E-004
   4615537.7830252200        6.6188360547713809E-004   9.5966825359408009E-002   2.6058566300926638E-004   9.5561873684478965E-002   4.0129794246787176E-004   4.0495167492904610E-004
   5077091.5613277424        5.7943709036436489E-004   9.5888518699182398E-002   2.2772523435350732E-004   9.5518402093144758E-002   3.5171185601085757E-004   3.7011660603763726E-004
   5584800.7174605168        5.0861986541649083E-004   9.5823009732980677E-002   2.0022053444113461E-004   9.5481998025072096E-002   3.0839933097535617E-004   3.4101170790859395E-004
   6143280.7892065700        4.4442497259917721E-004   9.5769363158903859E-002   1.7720221979922903E-004   9.5451518666243712E-002   2.6722275279994820E-004   3.1784449266016328E-004
   6757608.8681272268        3.8230302529634067E-004   9.5706953937013950E-002   1.5794117500006905E-004   9.5426004436600181E-002   2.2436185029627156E-004   2.8094950041377450E-004
   7433369.7549399501        3.3297768013772628E-004   9.5660731615828803E-002   1.4182611638289947E-004   9.5404650007859249E-002   1.9115156375482678E-004   2.5608160796953411E-004
   8176706.7304339455        2.8697798848953236E-004   9.5609496253966170E-002   1.2834471574530717E-004   9.5386779802770230E-002   1.5863327274422519E-004   2.2271645119596143E-004
   8994377.4034773409        2.4948627591152333E-004   9.5561202371084078E-002   1.1706770562857863E-004   9.5371827309979729E-002   1.3241857028294473E-004   1.8937506110432888E-004
   9893815.1438250765        2.2820697791153455E-004   9.5526273511197718E-002   1.0763550621488256E-004   9.5359317640244926E-002   1.2057147169665203E-004   1.6695587095279349E-004
