0.38143724089715891 0.38143724089715891
0.38143724079951397 0.38143724085982356
0.38143724077900742 0.38143724085198327
0.38143724075419388 0.38143724084249353
0.38143724072417295 0.38143724083101627
0.38143724068784335 0.38143724081712532
0.38143724064389040 0.38143724080032065
0.38143724059070466 0.38143724077998487
0.38143724052634537 0.38143724075537599
0.38143724044847810 0.38143724072560370
0.38143724035425181 0.38143724068957641
0.38143724024024539 0.38143724064598550
0.38143724010229019 0.38143724059323836
0.38143723993536971 0.38143724052941552
0.38143723973339216 0.38143724045218985
0.38143723948900360 0.38143724035874527
0.38143723919328509 0.38143724024567893
0.38143723883547531 0.38143724010886826
0.38143723840252219 0.38143723994332718
0.38143723787864742 0.38143723974302413
0.38143723724476042 0.38143723950065356
0.38143723647775729 0.38143723920738537
0.38143723554968023 0.38143723885253478
0.38143723442671196 0.38143723842316368
0.38143723306791916 0.38143723790362671
0.38143723142377789 0.38143723727498235
0.38143722943436542 0.38143723651432621
0.38143722702718152 0.38143723559393200
0.38143722411448722 0.38143723448025529
0.38143722059012725 0.38143723313270639
0.38143721632565014 0.38143723150216946
0.38143721116563734 0.38143722952922493
0.38143720492201172 0.38143722714195599
0.38143719736723275 0.38143722425336130
0.38143718822594641 0.38143722075816239
0.38143717716500020 0.38143721652897650
0.38143716378124981 0.38143721141166276
0.38143714758691205 0.38143720521970964
0.38143712799176993 0.38143719772744700
0.38143710428164346 0.38143718866180776
0.38143707559240220 0.38143717769238950
0.38143704087843283 0.38143716441939934
0.38143699887453603 0.38143714835907760
0.38143694804983574 0.38143712892609494
0.38143688655198149 0.38143710541219383
0.38143681213961000 0.38143707696038420
0.38143672210069079 0.38143704253370908
0.38143661315367539 0.38143700087745053
0.38143648132789953 0.38143695047341597
0.38143632181887877 0.38143688948458071
0.38143612881321187 0.38143681568815752
0.38143589527670746 0.38143672639458798
0.38143561269804765 0.38143661834951337
0.38143527077864103 0.38143648761519511
0.38143485705727370 0.38143632942698341
0.38143435645606028 0.38143613801971527
0.38143375073097541 0.38143590641760167
0.38143301780712607 0.38143562618003746
0.38143213097440520 0.38143528709404928
0.38143105791432386 0.38143487680214372
0.38142975952261809 0.38143438035206334
0.38142818848475191 0.38143377965204694
0.38142628755250030 0.38143305281173595
0.38142398745899425 0.38143217334478741
0.38142120439636046 0.38143110920415146
0.38141783696454790 0.38142982161503786
0.38141376248033326 0.38142826366302363
0.38140883251298058 0.38142637858621831
0.38140286748456698 0.38142409770933927
0.38139565013998988 0.38142133794503580
0.38138691765048127 0.38141799877180593
0.38137635206640635 0.38141395857947963
0.38136356877572336 0.38140907025019882
0.38134810255455703 0.38140315581596229
0.38132939071131222 0.38139600000076784
0.38130675272475589 0.38138734241619054
0.38127936565524090 0.38137686813202465
0.38124623446430678 0.38136419628730434
0.38120615620655868 0.38134886633954340
0.38115767685556762 0.38133032147014356
0.38109903928787514 0.38130788856896647
0.38102812067156000 0.38128075410906970
0.38094235718518032 0.38124793509169053
0.38083865362579827 0.38120824408874260
0.38071327505221664 0.38116024723454728
0.38056171715435810 0.38110221381863907
0.38037855155508737 0.38103205590853773
0.38015724175235005 0.38094725618722663
0.37988992494426144 0.38084478193412930
0.37956715459596080 0.38072098282076927
0.37917759840923859 0.38057146995836699
0.37870768647787900 0.38039097345684886
0.37814120506167476 0.38017317568812470
0.37745883287749094 0.37991051756792554
0.37663761948184382 0.37959397558854902
0.37565040972694314 0.37921280820053926
0.37446522506552682 0.37875427164577957
0.37304462243135672 0.37820330773071575
0.37134506536006551 0.37754220957308621
0.36931636065817064 0.37675027634311181
0.36690123763147831 0.37580347468627728
0.36403517514669309 0.37467413293700258
0.36064661262503778 0.37333070417977904
0.35665771010521413 0.37173764494129496
0.35198584224204060 0.36985546633005056
0.34654601036722771 0.36764102143720095
0.34025432136114780 0.36504809364089902
0.33303259737988439 0.36202834168711651
0.32481403635319150 0.35853263636294902
0.31554964162644034 0.35451278982472412
0.30521490237952131 0.34992363562944340
0.29381598148581972 0.34472537318292357
0.28139452168242657 0.33888605568324837
0.26803018514010335 0.33238408570849454
0.25384024219594092 0.32521059050733420
0.23897591576019214 0.31737157145478612
0.22361569610968232 0.30888973985018703
0.20795634188619944 0.29980594256682191
0.19220264222657443 0.29018003571298084
0.17655713855843014 0.28009099579016372
0.16121087695331365 0.26963600438591195
0.14633594719263823 0.25892825395622460
0.13208017481420020 0.24809333438459896
0.11856397895750996 0.23726427065232297
0.10587916346806373 0.22657554361975060
9.4089288591549095E-002 0.21615666083305857
8.3231249483925435E-002 0.20612597590890885
7.3317721175240269E-002 0.19658543994930924
6.4340178394082417E-002 0.18761681229190191
5.6272241422941273E-002 0.17927960948969032
4.9073132384097357E-002 0.17161080013401914
4.2691057029886507E-002 0.16462602288902864
3.7066364356784044E-002 0.15832195611758332
3.2134386075297908E-002 0.15267941094493526
2.7827920941403676E-002 0.14766674310742148
2.4079400638750723E-002 0.14324325682899750
2.0822843133866335E-002 0.13936237709617622
1.7995744317829139E-002 0.13597446806865426
1.5541040379819331E-002 0.13302925144159941
1.3409133440935842E-002 0.13047780862768871
1.1559651565235919E-002 0.12827411936312785
9.9621161126388323E-003 0.12637600107337560
8.5942257203490031E-003 0.12474522473228629
7.4366337995155404E-003 0.12334664477564086
6.4648508552257455E-003 0.12214662725276759
5.6427505520509841E-003 0.12111200346029685
4.9260314231082663E-003 0.12021167077758557
4.2811232596373632E-003 0.11942208276570232
3.7079846127385510E-003 0.11873334197449190
3.2337602780960761E-003 0.11814694343775992
2.8616212306321683E-003 0.11766049937424836
2.5401096299604436E-003 0.11725571210630456
2.2369077195063007E-003 0.11691238275914528
1.9949112434798117E-003 0.11662218106118169
1.7984689970606538E-003 0.11636336139328547
1.5850407037123829E-003 0.11611722984038564
1.4275655500352500E-003 0.11591671053470738
1.2813290009935354E-003 0.11576030743334238
1.1514606667963633E-003 0.11562832256035974
1.0200618771297838E-003 0.11549129801183430
9.0943219806012099E-004 0.11537526528398287
7.9514034768711603E-004 0.11528778512001400
6.9609491107276873E-004 0.11519371301349446
6.1102008462092321E-004 0.11511501515524383
5.3390086158517616E-004 0.11505056793943325
4.5927192929462647E-004 0.11497559389568630
4.0001593356568812E-004 0.11492006565441557
3.4475514374105121E-004 0.11485851509913940
2.9971524076117119E-004 0.11480049822954438
2.7415179082792868E-004 0.11475853715728861
