   0.00000000       2.4795405119097063        2.4520614983198064        2.7479013589900035E-002
   1.1000000000000001        2.4795405118709626        2.4520614982810596        2.7479013589903154E-002
   1.2100000000000000        2.4795405118628309        2.4520614982729270        2.7479013589903869E-002
   1.3310000000000002        2.4795405118529925        2.4520614982630877        2.7479013589904646E-002
   1.4641000000000006        2.4795405118410780        2.4520614982511724        2.7479013589905621E-002
   1.6105100000000008        2.4795405118266620        2.4520614982367555        2.7479013589906776E-002
   1.7715610000000011        2.4795405118092164        2.4520614982193081        2.7479013589908233E-002
   1.9487171000000016        2.4795405117881195        2.4520614981982094        2.7479013589909927E-002
   2.1435888100000016        2.4795405117625910        2.4520614981726792        2.7479013589912008E-002
   2.3579476910000019        2.4795405117317060        2.4520614981417914        2.7479013589914548E-002
   2.5937424601000023        2.4795405116943061        2.4520614981043884        2.7479013589917580E-002
   2.8531167061100025        2.4795405116490801        2.4520614980591589        2.7479013589921261E-002
   3.1384283767210031        2.4795405115943403        2.4520614980044146        2.7479013589925737E-002
   3.4522712143931042        2.4795405115281115        2.4520614979381805        2.7479013589931125E-002
   3.7974983358324144        2.4795405114479778        2.4520614978580402        2.7479013589937710E-002
   4.1772481694156562        2.4795405113510220        2.4520614977610764        2.7479013589945613E-002
   4.5949729863572220        2.4795405112336937        2.4520614976437383        2.7479013589955203E-002
   5.0544702849929433        2.4795405110917472        2.4520614975017803        2.7479013589966766E-002
   5.5599173134922379        2.4795405109199780        2.4520614973299972        2.7479013589980783E-002
   6.1159090448414632        2.4795405107121158        2.4520614971221182        2.7479013589997728E-002
   6.7274999493256100        2.4795405104606227        2.4520614968706043        2.7479013590018288E-002
   7.4002499442581708        2.4795405101563137        2.4520614965662704        2.7479013590043129E-002
   8.1402749386839890        2.4795405097881029        2.4520614961980298        2.7479013590073216E-002
   8.9543024325523870        2.4795405093425713        2.4520614957524618        2.7479013590109583E-002
   9.8497326758076280        2.4795405088034603        2.4520614952133069        2.7479013590153624E-002
   10.834705943388389        2.4795405081511550        2.4520614945609482        2.7479013590206821E-002
   11.918176537727231        2.4795405073618499        2.4520614937715788        2.7479013590271273E-002
   13.109994191499954        2.4795405064068086        2.4520614928164592        2.7479013590349266E-002
   14.420993610649951        2.4795405052511836        2.4520614916607402        2.7479013590443590E-002
   15.863092971714948        2.4795405038529093        2.4520614902623517        2.7479013590557742E-002
   17.449402268886445        2.4795405021609720        2.4520614885702763        2.7479013590695846E-002
   19.194342495775089        2.4795405001137381        2.4520614865228749        2.7479013590863018E-002
   21.113776745352595        2.4795404976365814        2.4520614840455162        2.7479013591065232E-002
   23.225154419887858        2.4795404946392252        2.4520614810479153        2.7479013591309914E-002
   25.547669861876649        2.4795404910124321        2.4520614774208260        2.7479013591606011E-002
   28.102436848064315        2.4795404866239945        2.4520614730320300        2.7479013591964273E-002
   30.912680532870748        2.4795404813139914        2.4520614677215935        2.7479013592397818E-002
   34.003948586157826        2.4795404748889025        2.4520614612959801        2.7479013592922322E-002
   37.404343444773609        2.4795404671145342        2.4520614535209773        2.7479013593557016E-002
   41.144777789250973        2.4795404577075337        2.4520614441132089        2.7479013594324978E-002
   45.259255568176073        2.4795404463250903        2.4520614327298360        2.7479013595254204E-002
   49.785181124993684        2.4795404325523145        2.4520614189559358        2.7479013596378648E-002
   54.763699237493050        2.4795404158872594        2.4520614022895204        2.7479013597739146E-002
   60.240069161242367        2.4795403957225317        2.4520613821231465        2.7479013599385347E-002
   66.264076077366596        2.4795403713232131        2.4520613577218358        2.7479013601377267E-002
   72.890483685103263        2.4795403418000777        2.4520613281962902        2.7479013603787485E-002
   80.179532053613613        2.4795403060770718        2.4520612924703680        2.7479013606703875E-002
   88.197485258974979        2.4795402628521943        2.4520612492419618        2.7479013610232694E-002
   97.017233784872474        2.4795402105501161        2.4520611969356136        2.7479013614502567E-002
   106.71895716335973        2.4795401472646224        2.4520611336449534        2.7479013619669101E-002
   117.39085287969573        2.4795400706891781        2.4520610570632577        2.7479013625920576E-002
   129.12993816766530        2.4795399780328879        2.4520609643994029        2.7479013633484931E-002
   142.04293198443185        2.4795398659187868        2.4520608522761491        2.7479013642637731E-002
   156.24722518287504        2.4795397302607434        2.4520607166070305        2.7479013653712681E-002
   171.87194770116253        2.4795395661145232        2.4520605524474099        2.7479013667113316E-002
   189.05914247127879        2.4795393674976349        2.4520603538143066        2.7479013683328071E-002
   207.96505671840669        2.4795391271712517        2.4520601134683035        2.7479013702948002E-002
   228.76156239024741        2.4795388363764204        2.4520598226497321        2.7479013726688064E-002
   251.63771862927217        2.4795384845147548        2.4520594707593411        2.7479013755413579E-002
   276.80149049219938        2.4795380587623210        2.4520590449721498        2.7479013790171418E-002
   304.48163954141938        2.4795375436021003        2.4520585297698720        2.7479013832228363E-002
   334.92980349556137        2.4795369202585458        2.4520579063754284        2.7479013883117378E-002
   368.42278384511746        2.4795361660133497        2.4520571520686567        2.7479013944692991E-002
   405.26506222962922        2.4795352533773798        2.4520562393581802        2.7479014019199572E-002
   445.79156845259217        2.4795341490889071        2.4520551349795547        2.7479014109352405E-002
   490.37072529785144        2.4795328129013785        2.4520537986829409        2.7479014218437396E-002
   539.40779782763673        2.4795311961167430        2.4520521817663128        2.7479014350430202E-002
   593.34857761040041        2.4795292398106290        2.4520502253004874        2.7479014510141515E-002
   652.68343537144040        2.4795268726850526        2.4520478579816603        2.7479014703392167E-002
   717.95177890858463        2.4795240084702046        2.4520449935329793        2.7479014937225370E-002
   789.74695679944318        2.4795205427805547        2.4520415275603913        2.7479015220163605E-002
   868.72165247938756        2.4795163493112726        2.4520373337487538        2.7479015562518690E-002
   955.59381772732627        2.4795112752356174        2.4520322592588490        2.7479015976768249E-002
   1051.1531995000591        2.4795051356365931        2.4520261191585830        2.7479016478010147E-002
   1156.2685194500652        2.4794977067693553        2.4520186896848428        2.7479017084512551E-002
   1271.8953713950716        2.4794887179096108        2.4520097000912306        2.7479017818380122E-002
   1399.0849085345790        2.4794778414913758        2.4519988227850162        2.7479018706359444E-002
   1538.9933993880372        2.4794646811745813        2.4519856613937678        2.7479019780813674E-002
   1692.8927393268411        2.4794487574099193        2.4519697363290169        2.7479021080902281E-002
   1862.1820132595251        2.4794294899747187        2.4519504673207106        2.7479022654008017E-002
   2048.4002145854779        2.4794061768467315        2.4519271522892678        2.7479024557463705E-002
   2253.2402360440260        2.4793779686479591        2.4518989417873174        2.7479026860641888E-002
   2478.5642596484290        2.4793438377318235        2.4518648080843408        2.7479029647482688E-002
   2726.4206856132723        2.4793025407937841        2.4518235077742307        2.7479033019553130E-002
   2999.0627541745998        2.4792525736515096        2.4517735365517614        2.7479037099748142E-002
   3298.9690295920600        2.4791921165610398        2.4517130745242706        2.7479042036769284E-002
   3628.8659325512658        2.4791189680954684        2.4516399200849253        2.7479048010543065E-002
   3991.7525258063934        2.4790304652065469        2.4515514099677698        2.7479055238777302E-002
   4390.9277783870330        2.4789233865987566        2.4514443226138627        2.7479063984894008E-002
   4830.0205562257361        2.4787938359576578        2.4513147613900310        2.7479074567626778E-002
   5313.0226118483115        2.4786371008694803        2.4511580134968471        2.7479087372633177E-002
   5844.3248730331425        2.4784474824259082        2.4509683795593640        2.7479102866544196E-002
   6428.7573603364581        2.4782180895021164        2.4507389678881548        2.7479121613961644E-002
   7071.6330963701048        2.4779405905003147        2.4504614462022927        2.7479144298022187E-002
   7778.7964060071163        2.4776049139350054        2.4501257421897304        2.7479171745274825E-002
   8556.6760466078285        2.4771988875663515        2.4497196826105752        2.7479204955776201E-002
   9412.3436512686112        2.4767078038338157        2.4492285586943199        2.7479245139495651E-002
   10353.578016395473        2.4761138970709333        2.4486346033105826        2.7479293760350632E-002
   11388.935818035023        2.4753957153717581        2.4479163627822893        2.7479352589468872E-002
   12527.829399838523        2.4745273670183723        2.4470479432487688        2.7479423769603512E-002
   13780.612339822377        2.4734776180840532        2.4459981081910231        2.7479509893029986E-002
   15158.673573804615        2.4722088142525029        2.4447292001567686        2.7479614095734187E-002
   16674.540931185082        2.4706755961638356        2.4431958559925535        2.7479740171282276E-002
   18341.995024303593        2.4688233739319299        2.4413434812234711        2.7479892708458555E-002
   20176.194526733954        2.4665865232558417        2.4391064459982439        2.7480077257597921E-002
   22193.813979407350        2.4638862633540533        2.4364059628225139        2.7480300531539520E-002
   24413.195377348089        2.4606281766964169        2.4331476060480872        2.7480570648329809E-002
   26854.514915082898        2.4566993335312994        2.4292184361070666        2.7480897424233069E-002
   29539.966406591189        2.4519649924293807        2.4244836997020727        2.7481292727307854E-002
   32493.963047250309        2.4462648641783367        2.4187830932745173        2.7481770903819213E-002
   35743.359351975349        2.4394089539938246        2.4119266047016974        2.7482349292127024E-002
   39317.695287172879        2.4311730408900742        2.4036899920486157        2.7483048841458656E-002
   43249.464815890176        2.4212939190163030        2.3938100241601168        2.7483894856186106E-002
   47574.411297479201        2.4094646205406276        2.3819797026507210        2.7484917889906615E-002
   52331.852427227117        2.3953299701048700        2.3678438152870975        2.7486154817772696E-002
   57565.037669949845        2.3784829923858744        2.3509953422657746        2.7487650120099901E-002
   63321.541436944834        2.3584629079784403        2.3309734505632687        2.7489457415171600E-002
   69653.695580639309        2.3347557008812942        2.3072640595971494        2.7491641284144858E-002
   76619.065138703256        2.3067985002312388        2.2793042207956340        2.7494279435604986E-002
   84280.971652573586        2.2739892433659459        2.2464917781050180        2.7497465260927802E-002
   92709.068817830950        2.2357032001711610        2.2082018893381190        2.7501310833042004E-002
   101979.97569961405        2.1913178303226419        2.1638118799240154        2.7505950398626529E-002
   112177.97326957546        2.1402469815685730        2.1127354371641243        2.7511544404448779E-002
   123395.77059653302        2.0819844888535886        2.0544662047754207        2.7518284078167771E-002
   135735.34765618632        2.0161557292191077        1.9886293326730400        2.7526396546067627E-002
   149308.88242180497        1.9425736883154514        1.9150375379102271        2.7536150405224377E-002
   164239.77066398552        1.8612938729373534        1.8337460113760369        2.7547861561316597E-002
   180663.74773038409        1.7726604735788511        1.7450985746040970        2.7561898974754088E-002
   198730.12250342252        1.6773352302239477        1.6497565405273473        2.7578689696600277E-002
   218603.13475376478        1.5763011517156758        1.5487024295376031        2.7598722178072736E-002
   240463.44822914127        1.4708359398422166        1.4432133936014029        2.7622546240813780E-002
   264509.79305205541        1.3624544461636405        1.3348036789514337        2.7650767212206773E-002
   290960.77235726098        1.2528248457153504        1.2251408152744736        2.7684030440876847E-002
   320056.84959298710        1.1436680904755354        1.1159450999225786        2.7722990552956846E-002
   352062.53455228586        1.0366532553557166        1.0088849981670462        2.7768257188670296E-002
   387268.78800751443       0.93330178022279064       0.90548147488379227        2.7820305338998388E-002
   425995.66680826596       0.83491134452447036       0.80703201096257549        2.7879333561894867E-002
   468595.23348909261       0.74250597333062685       0.71456092613655542        2.7945047194071457E-002
   515454.75683800189       0.65681418173456496       0.62879784528948590        2.8016336445079087E-002
   567000.23252180207       0.57827270044756252       0.55018188837965276        2.8090812067909733E-002
   623700.25577398238       0.50705038032049043       0.47888622332442221        2.8164156996068185E-002
   686070.28135138063       0.44308551836967230       0.41485626130584691        2.8229257063825421E-002
   754677.30948651873       0.38612991450092715       0.35785481504428207        2.8275099456645074E-002
   830145.04043517052       0.33579404352060666       0.30750854939115757        2.8285494129449081E-002
   913159.54447868769       0.29158935252112095       0.26335154097809232        2.8237811543028610E-002
   1004475.4989265566       0.25296549766153970       0.22486332164011960        2.8102176021420084E-002
   1104923.0488192122       0.21934207023223357       0.19150014182824862        2.7841928403984958E-002
   1215415.3537011335       0.19013584899138991       0.16271922805920100        2.7416620932188898E-002
   1336956.8890712473       0.16478558926472864       0.13799650160796381        2.6789087656764816E-002
   1470652.5779783721       0.14277626773189128       0.11683861704564319        2.5937650686248082E-002
   1617717.8357762091       0.12366261375684147        9.8790339501554275E-002   2.4872274255287190E-002
   1779489.6193538303       0.10708682472693502        8.3438282402088518E-002   2.3648542324846505E-002
   1957438.5812892134        9.2778584265197084E-002   7.0411936287487070E-002   2.2366647977710014E-002
   2153182.4394181347        8.0522975921269002E-002   5.9382782141502249E-002   2.1140193779766753E-002
   2368500.6833599485        7.0096243426686064E-002   5.0062132198421531E-002   2.0034111228264533E-002
   2605350.7516959440        6.1209050570845816E-002   4.2198197376793020E-002   1.9010853194052799E-002
   2865885.8268655385        5.3533726555947847E-002   3.5572753818123228E-002   1.7960972737824620E-002
   3152474.4095520927        4.6839298328376772E-002   2.9997675577322067E-002   1.6841622751054702E-002
   3467721.8505073017        4.1076534968156234E-002   2.5311516491313565E-002   1.5765018476842672E-002
   3814494.0355580328        3.6203607811729779E-002   2.1376259683146839E-002   1.4827348128582937E-002
   4195943.4391138367        3.1985966794486356E-002   1.8074305142012005E-002   1.3911661652474348E-002
   4615537.7830252200        2.8253202679458397E-002   1.5305731247820829E-002   1.2947471431637568E-002
   5077091.5613277424        2.5039254839299797E-002   1.2985842070623572E-002   1.2053412768676225E-002
   5584800.7174605168        2.2166883195877708E-002   1.1042996242621594E-002   1.1123886953256116E-002
   6143280.7892065700        1.9631473761349952E-002   9.4167030891782952E-003   1.0214770672171658E-002
   6757608.8681272268        1.7367720196972379E-002   8.0559658585757695E-003   9.3117543383966113E-003
   7433369.7549399501        1.5251189716503463E-002   6.9178490307698712E-003   8.3333406857335913E-003
   8176706.7304339455        1.3328950821175165E-002   5.9662458520170995E-003   7.3627049691580649E-003
   8994377.4034773409        1.1582450901877959E-002   5.1708227283099161E-003   6.4116281735680418E-003
   9893815.1438250765        9.9517885277260708E-003   4.5061184076044779E-003   5.4456701201215920E-003
